0
0
0
0
0
0
0
0
0
0
0
0
0
0
0
0
0
0
0
0
0
0
0
0
0
0
0.055172
0.055172
0.13014
0.13014
0.16872
0.16872
0.17834
0.17834
0.17399
0.17399
0.26971
0.26971
0.39275
0.39275
0.47259
0.47259
0.50736
0.50736
0.37531
0.37531
0.59136
0.59136
0.59874
0.59874
0.48668
0.48668
0.47307
0.47307
0.49495
0.49495
0.40636
0.40636
0.43084
0.43084
0.4498
0.4498
0.33173
0.33173
0.41601
0.41601
0.29768
0.29768
0.24014
0.24014
0.1583
0.1583
0.14333
0.14333
0.066916
0.066916
0.0074422
0.0074422
0
0
0
0
0
0
0
0
0
0
0
0
0
0
0
0
0
0