0
0
0
0
0
0
0
0
0
0
0
0
0
0
0
0
0
0
0
0
0
0
0
0
0
0
0.037659
0.037659
0.10277
0.10277
0.16623
0.16623
0.28342
0.28342
0.24993
0.24993
0.27751
0.27751
0.31046
0.31046
0.56602
0.56602
0.45917
0.45917
0.51735
0.51735
0.42514
0.42514
0.37293
0.37293
0.55512
0.55512
0.55805
0.55805
0.69606
0.69606
0.33349
0.33349
0.44275
0.44275
0.3071
0.3071
0.28716
0.28716
0.30841
0.30841
0.2779
0.2779
0.12851
0.12851
0.19646
0.19646
0.13815
0.13815
0.082738
0.082738
0.0059929
0.0059929
0
0
0
0
0
0
0
0
0
0
0
0
0
0
0
0
0
0