0
0
0
0
0
0
0
0
0
0
0
0
0
0
0
0
0
0
0
0
0
0
0
0
0
0
0.048128
0.048128
0.15139
0.15139
0.21449
0.21449
0.13851
0.13851
0.23742
0.23742
0.38169
0.38169
0.39752
0.39752
0.42171
0.42171
0.52508
0.52508
0.41115
0.41115
0.38799
0.38799
0.54242
0.54242
0.60941
0.60941
0.49292
0.49292
0.49012
0.49012
0.43334
0.43334
0.35869
0.35869
0.40054
0.40054
0.4489
0.4489
0.37123
0.37123
0.43565
0.43565
0.32317
0.32317
0.20536
0.20536
0.14057
0.14057
0.058882
0.058882
0.005636
0.005636
0
0
0
0
0
0
0
0
0
0
0
0
0
0
0
0
0
0