0
0
0
0
0
0
0
0
0
0
0
0
0
0
0
0
0
0
0
0
0
0
0
0
0
0
0.049572
0.049572
0.075371
0.075371
0.14749
0.14749
0.19624
0.19624
0.35879
0.35879
0.38538
0.38538
0.41119
0.41119
0.42712
0.42712
0.50612
0.50612
0.48222
0.48222
0.5634
0.5634
0.46926
0.46926
0.61753
0.61753
0.59572
0.59572
0.51223
0.51223
0.62939
0.62939
0.47669
0.47669
0.35259
0.35259
0.47679
0.47679
0.33375
0.33375
0.28588
0.28588
0.214
0.214
0.15669
0.15669
0.16674
0.16674
0.053048
0.053048
0.0066234
0.0066234
0
0
0
0
0
0
0
0
0
0
0
0
0
0
0
0
0
0