1
1
1
1
1
1
1
1
1
1
1
1
1
1
1
1
1
1
1
1
1
1
1
1
1
1
0.99884
0.99884
0.98847
0.98847
0.97673
0.97673
0.99036
0.99036
0.97141
0.97141
0.92429
0.92429
0.91759
0.91759
0.90673
0.90673
0.85105
0.85105
0.91157
0.91157
0.92166
0.92166
0.84011
0.84011
0.79286
0.79286
0.87008
0.87008
0.87166
0.87166
0.90123
0.90123
0.93346
0.93346
0.91628
0.91628
0.89358
0.89358
0.92854
0.92854
0.90012
0.90012
0.94634
0.94634
0.97869
0.97869
0.99007
0.99007
0.99826
0.99826
0.99998
0.99998
1
1
1
1
1
1
1
1
1
1
1
1
1
1
1
1
1
1