0
0
0
0
0
0
0
0
0
0
0
0
0
0
0
0
0
0
0
0
0
0
0
0
.174468085
.174468085
.174468085
.174468085
.621276596
.621276596
.621276596
.621276596
.824113475
.824113475
.824113475
.824113475
.936170213
.936170213
.936170213
.936170213
.99858156
.99858156
.99858156
.99858156
1
1
1
1
.975886525
.975886525
.975886525
.975886525
.920567376
.920567376
.920567376
.920567376
.856737589
.856737589
.856737589
.856737589
.773049645
.773049645
.773049645
.773049645
.604255319
.604255319
.604255319
.604255319
.09787234
.09787234
.09787234
.09787234
0
0
0
0
0
0
0
0
0
0
0
0
0
0
0
0
0
0
0
0
0
0
0
0