0
0
0
0
0
0
0
0
0
0
0
0
0
0
0
0
0
0
0
0
0
0
0
0
0
0
0.04034
0.04034
0.12059
0.12059
0.17873
0.17873
0.25103
0.25103
0.24242
0.24242
0.38139
0.38139
0.45845
0.45845
0.37714
0.37714
0.44275
0.44275
0.48758
0.48758
0.43526
0.43526
0.44234
0.44234
0.50494
0.50494
0.46179
0.46179
0.59268
0.59268
0.55264
0.55264
0.40024
0.40024
0.47157
0.47157
0.35672
0.35672
0.40808
0.40808
0.18008
0.18008
0.22104
0.22104
0.16939
0.16939
0.14476
0.14476
0.063766
0.063766
0.0076771
0.0076771
0
0
0
0
0
0
0
0
0
0
0
0
0
0
0
0
0
0