0
0
0
0
0
0
0
0
0
0
0
0
0
0
0
0
0
0
0
0
0
0
0
0
0
0
0.044721
0.044721
0.11141
0.11141
0.16382
0.16382
0.16086
0.16086
0.26948
0.26948
0.36997
0.36997
0.29389
0.29389
0.53266
0.53266
0.53675
0.53675
0.61071
0.61071
0.62854
0.62854
0.53112
0.53112
0.39679
0.39679
0.47778
0.47778
0.57216
0.57216
0.51785
0.51785
0.41175
0.41175
0.33328
0.33328
0.26074
0.26074
0.35262
0.35262
0.27527
0.27527
0.25838
0.25838
0.17514
0.17514
0.11675
0.11675
0.098274
0.098274
0.0073517
0.0073517
0
0
0
0
0
0
0
0
0
0
0
0
0
0
0
0
0
0